Coursework One Results by af1410

The prior probability of node 0
 0.159  0.295  0.205  0.341 


The conditional probability matrix P(2|0)
[[ 0.57142857  0.23076923  0.          0.        ]
 [ 0.28571429  0.23076923  0.          0.        ]
 [ 0.14285714  0.          0.          0.        ]
 [ 0.          0.30769231  0.22222222  0.        ]
 [ 0.          0.15384615  0.77777778  0.        ]
 [ 0.          0.07692308  0.          0.33333333]
 [ 0.          0.          0.          0.33333333]
 [ 0.          0.          0.          0.33333333]]

The joint probability matrix P(2&0)
[[ 0.09090909  0.06818182  0.          0.        ]
 [ 0.04545455  0.06818182  0.          0.        ]
 [ 0.02272727  0.          0.          0.        ]
 [ 0.          0.09090909  0.04545455  0.        ]
 [ 0.          0.04545455  0.15909091  0.        ]
 [ 0.          0.02272727  0.          0.11363636]
 [ 0.          0.          0.          0.11363636]
 [ 0.          0.          0.          0.11363636]]

The conditional probability matrix P(2|0) calculated from the joint probability matrix P(2&0)
[[ 0.57142857  0.23076923  0.          0.        ]
 [ 0.28571429  0.23076923  0.          0.        ]
 [ 0.14285714  0.          0.          0.        ]
 [ 0.          0.30769231  0.22222222  0.        ]
 [ 0.          0.15384615  0.77777778  0.        ]
 [ 0.          0.07692308  0.          0.33333333]
 [ 0.          0.          0.          0.33333333]
 [ 0.          0.          0.          0.33333333]]

The result of Query [4,0,0,0,5]
 0.982  0.018  0.000  0.000 


The result of Query [6,5,2,5,5]
 0.000  0.000  0.000  1.000 

